"Pos","PIC","No.","Name","Class","Overall BestTm","Appeared","Diff","Gap","Points","Make","Model","Year","Color","City","State","Sponsor","Email"
"1","1","41","Vincent Allegretta","TTU","1:15.734","2","","","0","Chevrolet","Corvette Z06","2015","White","","","",""
"2","2","420G","Brian Goldburg","TTU","1:18.718","2","2.984","2.984","0","Panoz","GTS","2002","Yellow/Black/Red","","","Milestone MotorWorX",""
"3","3","912G","George Andrew McGugan","TTU","1:19.329","1","3.595","0.611","0","Chevrolet","Camaro","1968","Black","","","",""
"4","1","314","William Schachat","TT3","1:22.290","2","6.556","2.961","0","BMW","M3","1997","Black","Glen Ridge","NJ","ROCS Auto","billschachat@comcast.net"
"5","4","42G","Mark Hyman","TTU","1:23.209","2","7.475","0.919","0","Ariel","SR Atom","2011","Blue/Black","","","",""
"6","1","521","Mikey Points","TTD","1:29.004","1","13.270","5.795","0","Toyobaru","FAT-86","2013","White","","","",""
"7","1","17","Luis, The","TTE","1:29.530","1","13.796","0.526","0","Mazda","Miata","1990","Shark Attack","","","",""
"8","1","93","Bill Mandra","TTB","1:31.832","1","16.098","2.302","0","BMW","Z4 M","2014","Silver","","","",""
"9","1","74","Joel Karns","TTF","1:36.995","1","21.261","5.163","0","Subaru","XV","2014","Silver","Chester","NJ","","jkarns@nasane.com"
