"Pos","PIC","No.","Name","Class","Best Tm","Laps","Diff","Gap","Points","Make","Model","Color","Year","City","State","Sponsor","Email"
"1","1","50G","Scott Blair","GTS2","2:08.225","13","","","100","BMW","M3","Red","1995","Leesburg","VA","GTPeace Automotive","joenationwide@yahoo.com"
"2","2","530","Michael Sousa","GTS2","2:07.564","13","0.022","0.022","90","BMW","M3","Red/Black/White","1997","Coventry","CT","CIP Motorsports","rokkitman1@gmail.com"
"3","3","203","Jeffrey Daigle","GTS2","2:10.092","13","24.493","24.471","85","BMW","M3","White","1995","Richmond","MA","","jeffrey.daigle@gmail.com"
"4","4","121","Douglas Horton","GTS2","2:10.039","13","44.223","19.730","80","BMW","M3","White","1995","Brooklyn","NY","","doug.bmxdude77@gmail.com"
"5","5","345","Christina Lam","GTS2","2:12.755","13","55.646","11.423","75","BMW","M3","Black","1998","Vienna","VA","","clicketyclam@gmail.com"
"6","1","802","Daniel Honovich","Honda Chal 1","2:13.263","13","1:19.803","24.157","100","Honda","S2000","D.Gray","2002","Carmel","NY","www.MossbergOwners.com","sales@danhonovich.com"
"7","1","516","Spencer Anderson","Honda Chal 2","2:13.505","13","1:29.242","9.439","100","Honda","Civic","Red/Silver","1994","Freeport","NY","#redteam","noriceef@aol.com"
"8","2","881","Erik Olson","Honda Chal 1","2:14.323","13","1:44.353","15.111","90","Acura","Integra","White","2001","Pennsburg","PA","DBA | Hoosier | Exedy","mosser@ptd.net"
"9","2","7","Jan Wang","Honda Chal 2","2:15.155","13","1:51.294","6.941","90","Honda","Civic","Red","1992","Tenafly","NJ","#redteam","JanWang74@aol.com"
"10","1","06G","Allan Edwards","Super Touring 4","2:16.518","13","1:52.065","0.771","50","Chevrolet","Cobalt SS","Red/Yellow","2006","Pickering","ON","","a.e7thereaper@gmail.com"
"11","3","46","Michael Fries","Honda Chal 2","2:17.036","13","2:07.558","15.493","85","Honda","S2000","Yellow","2008","Westernville","NY","Lifted","mfries@twcny.rr.com"
"12","4","219","Lenny Hong","Honda Chal 2","2:17.672","12","1 Lap","1 Lap","80","Acura","Integra","Red/Black","1997","Santa Monica","CA","#redteam","lennyhong@gmail.com"
"13","5","258","Stuart Phillips","Honda Chal 2","2:16.813","12","1 Lap","2.517","75","Acura","Integra","White/Red","1998","Baldwin","NY","#doubleteam","stuphillips_5@hotmail.com"
"14","6","9","Anthony Robison","Honda Chal 2","2:16.991","12","1 Lap","0.864","70","Honda","Civic","White","1992","Bensalem","PA","","tony@fortrob.com"
"15","1","18","Benjamin Miller","Spec Miata","2:19.435","12","1 Lap","4.007","100","Mazda","Miata","Red","1991","Midland Park","NJ","EFI Logics","benm@milleraa.com"
"16","2","51","Paul Redante","Spec Miata","2:19.353","12","1 Lap","1.305","90","Mazda","Miata","Blue","1999","Ivyland","PA","drmachine.com","pcdrj@verizon.net"
"17","1","86","Scott Smith","GTS1","2:19.168","12","1 Lap","0.815","50","BMW","325","Yellow/Red/Black","1986","Chester","CT","","scott.w.smith@pfizer.com"
"18","7","373","Nathan Bookbinder","Honda Chal 2","2:18.885","12","1 Lap","8.138","69","Acura","Integra","White/Blue/Orange","1996","Middletown","NY","","nbookbinder@gmail.com"
"19","1","149","Steve Coppola","Spec E46","2:18.504","12","1 Lap","0.818","100","BMW","330ci","Black/Red","2001","Guilford","CT","","coppolas53@gmail.com"
"20","3","14","David Deerson","Spec Miata","2:20.790","12","1 Lap","1.807","85","Mazda","Miata","Blue","","","NJ","",""
"21","1","74G","Robert Grace","SpecE30","2:19.089","12","1 Lap","6.191","100","BMW","325i","Orange","1990","Sterling","VA","","robertgrace.h@gmail.com"
"22","4","313","Jim Tramontano","Spec Miata","2:21.393","12","1 Lap","2.171","80","Mazda","Miata","White","1996","Lambertville","NJ","Infamous Jim's Auto Art","jimtramontano@gmail.com"
"23","2","88","Lance Bergstein","SpecE30","2:19.557","12","1 Lap","4.900","90","BMW","325","Gray","1989","","","Drivegear",""
"24","3","36","Robert Casella","SpecE30","2:20.147","12","1 Lap","4.660","85","Acura","Integra Type R","Black","1998","Pompton Plains","NJ","Axle Casella","rcasella18@aol.com"
"25","4","20","James Mertz","SpecE30","2:19.573","12","1 Lap","0.465","80","BMW","E30","Red","1991","Saylorsburg","PA","StoogeMoe Racing","goldie83@ptd.net"
"26","5","87","Mike Kovac","SpecE30","2:20.631","12","1 Lap","8.138","75","BMW","325is","Blue/Green","1987","","","Drivegear",""
"27","1","308G","Benjamin Carey","PTD","2:21.741","12","1 Lap","14.674","50","Mazda","Miata","Yellow/Black","1990","frenchtown","NJ","",""
"28","6","141","Ed Cangialosi","SpecE30","2:21.740","12","1 Lap","1.211","70","BMW","325","Black","1987","White Plains","NY","Reparto Corse","edcangialosi@gmail.com"
"29","7","762","Matthew Herd","SpecE30","2:22.259","12","1 Lap","2.523","69","BMW","325i","White","1989","","","",""
"30","5","194","Carla Lebentritt","Spec Miata","2:23.300","12","1 Lap","2.130","75","Mazda","Miata","Red/Black","1992","Allentown","NJ","","carlalebentrittdesigns@aol.com"
"31","8","129","Daniel Livingston","SpecE30","2:22.673","12","1 Lap","27.022","68","BMW","E30","Black","1989","Coventry","CT","Munich Motorsports","dlivingston1229@gmail.com"
"32","9","89","Leo Massarani","SpecE30","2:24.956","12","1 Lap","6.923","67","BMW","325i","Red","1989","","","Drivegear",""
"33","10","153","Sam Jadczak","SpecE30","2:25.113","12","1 Lap","7.887","66","BMW","325i","Bronze/D.Red","1989","Horsham","PA","PJ Auto Repair","samjadczak@yahoo.com"
"34","11","477","Christopher Allen","SpecE30","2:20.212","7","6 Laps","5 Laps","65","BMW","325is","Gray","1988","Rydal","PA","","chrisblakeallen@gmail.com"
"DNF","DNF","517","Zephyr Belski","Honda Chal 2","2:25.140","6","DNF","1 Lap","35","Acura","Integra","L.Blue/Black","1994","Middlesex","NJ","#blueteam","zbelski@gmail.com"
"DNF","DNF","37","Brian Casella","Honda Chal 2","2:14.744","4","DNF","2 Laps","35","Acura","Integra Type R","White/Orange","1999","Pompton Plains","NJ","#whiteteam","briancasella@gmail.com"
