"Pos","PIC","No.","Name","Class","Overall BestTm","Appeared","Diff","Gap","Points","Make","Model","Year","Color","City","State","Sponsor","Email"
"1","1","373","Timothy Brownawell","TTA","2:45.451","2","","","0","Mitsubishi","Evo","2008","Grey","Harrisburg","PA","","timothybrownawell@comcast.net"
"2","1","56x","Luke Pardi","TTB","2:50.002","3","4.551","4.551","0","BMW","M3","1999","Green","","","",""
"3","2","46x","Andrea Cairone","TTB","2:50.799","3","5.348","0.797","0","BMW","M Coupe","2001","Silver","New York","NY","","ac@axisofoversteer.com"
"4","3","79","Jake Namer","TTB","2:51.197","3","5.746","0.398","0","Subaru","STi","","Black","","","",""
"5","4","99","Benjamin Lesnak","TTB","2:55.182","2","9.731","3.985","0","Chevrolet","Corvette","2001","Black","","","","benlesnak@gmail.com"
"6","5","6","Steven Kwiat","TTB","3:02.065","3","16.614","6.883","0","BMW","135","2011","Silver","","","",""
"7","2","924","Brian Puca","TTA","3:04.516","2","19.065","2.451","0","Mitsubishi","Evo GSR","2010","Black","Morrisville","PA","","blkevoviii@yahoo.com"
"8","3","21","Thai Diep","TTA","3:06.624","2","21.173","2.108","0","Mitsubishi","Evo","","White","Carlisle","PA","","taidiep@gmail.com"
"9","6","650","James Hayslip","TTB","3:13.020","2","27.569","6.396","0","Chevrolet","Corvette","","Blue","","","",""
